16
16
Withdraw
30000000
20000002
1300000
5000
6847000
1
400
10/12/2021 21:16:51
Withdraw
30000001
20000002
1500000000
0
6847000
0
100
10/12/2021 21:17:49
Withdraw
30000002
20000003
1500000
5000
8890000
0
000
10/12/2021 21:18:9
Withdraw
30000003
20000003
12000000
0
8890000
0
300
10/12/2021 21:18:31
Withdraw
30000004
20000005
1000
0
7850000
0
200
10/12/2021 21:19:23
Deposit
30000005
20000005
5000000
5000
12845000
1
400
10/12/2021 21:21:11
Deposit
30000006
20000002
12000
0
6847000
0
200
10/12/2021 21:21:33
Deposit
30000007
20000002
120000
5000
6962000
1
400
10/12/2021 21:21:51
Deposit
30000008
20000003
5000000
5000
8890000
0
000
10/12/2021 21:22:11
Deposit
30000009
20000003
50000000
505000
58385000
1
400
10/12/2021 21:22:38
Deposit
30000010
20000003
1200000
0
58385000
0
300
10/12/2021 21:22:56
Transfer
30000011
20000002
20000003
450000
9500
1447500
1
400
10/12/2021 21:27:36
Transfer
30000012
20000003
20000005
2000000
25000
63835000
0
000
10/12/2021 21:27:49
Transfer
30000013
20000002
20000005
120000
0
1447500
0
300
10/12/2021 21:28:11
Transfer
30000014
20000003
20000002
42000
0
63835000
0
200
10/12/2021 21:28:34
Transfer
30000015
20000002
20000005
72000000
0
1447500
0
100
10/12/2021 21:29:5
